41:9:30:6
Q
0.02415061
0.3840549
-0.428052
-0.761727
-0.8232284
-0.8119028
0.679976
0.1643832
-0.54041
0.8984505
0.1880881
-0.08177019
0.8325762
-0.2447616
-0.1291033
0.2832763
-0.4371902
0.01618646
0.9733068
0.7881868
0.9809403
0.8578779
-0.02590341
-0.9415876
0.03886532
-0.9899017
-0.5222263
-0.7909289
0.6362308
0.3393537
Q
-0.5085399
-0.3513106
0.4406726
0.8193993
0.2197366
-0.8179629
-0.3179878
0.7856605
-0.439685
0.6540773
-0.4376092
0.19462
0.4157259
0.9222838
-0.8026741
0.4284636
-0.09182257
-0.8434715
-0.3172979
0.2583686
-0.4930156
-0.1639783
-0.2664572
-0.9885492
-0.5916815
-0.4086806
-0.09323721
-0.6933656
-0.2030448
-0.2214103
Q
0.679999
0.4463756
-0.1601998
0.8680023
-0.482518
-0.09662168
0.2554663
-0.2744265
-0.8666843
0.184022
0.0755439
-0.8778734
0.6907278
0.8637706
-0.6432766
0.6686544
0.1216981
-0.4032909
-0.7594076
0.9801283
0.5092264
-0.1195434
-0.317455
0.5982095
0.8501459
-0.4975715
-0.188895
0.5985399
-0.4444097
0.4430957
Q
-0.7837251
0.458376
0.7479919
0.6523071
0.6869137
-0.3760429
0.9804229
-0.3667438
-0.680266
-0.9682602
-0.8074505
0.7619959
0.1716029
-0.6180701
0.7048738
-0.4009835
0.4369198
-0.8627939
0.5021406
0.9164671
0.4211214
0.5346696
0.1787862
0.2075319
0.2062474
-0.7673276
-0.6593617
-0.818839
-0.5842786
-0.2727476
Q
-0.6831713
0.5967038
-0.184347
0.2734483
0.5351661
-0.4631358
-0.1528376
-0.1393642
-0.1029849
-0.1317922
0.9823552
-0.02120719
-0.667698
0.4023254
-0.493821
-0.7350597
-0.7038897
-0.1056726
-0.2373298
0.9071435
0.7030188
-0.616442
0.455533
0.09298123
-0.08506528
-0.8933777
-0.9815184
-0.2599022
0.8292632
0.7207754
Q
-0.07425324
0.4125517
-1.010652
0.1492312
0.5783945
-0.1936027
0.3952439
-0.9254848
0.5520838
0.4646619
-0.5492053
-0.108563
-0.7264659
0.7511989
0.6332699
-0.2799276
-1.051837
0.004298775
0.3952319
-0.222425
0.2080506
-0.1768343
0.5052913
0.2477993
-0.9839405
-0.5264414
-0.934164
-1.31945
0.1220727
-0.9998893
Q
2.58673
-0.09027096
1.141307
-1.603714
-0.04137116
0.3669528
0.05552417
0.1138276
0.3263001
#
W
Q
0.5372065
-0.2367802
0.1746916
0.9346778
0.2328149
0.7095597
0.5125179
-0.4831728
-0.2229927
-0.06973279
-0.4478361
0.1313326
0.6848663
0.4260768
-0.5707629
0.3727641
-0.1395031
-0.8378253
-0.1039979
0.2398119
-0.3678708
-0.3185923
-0.07446408
-0.1967491
0.4102187
-0.8652623
0.9644195
0.2974007
0.5640929
-0.1351642
Q
0.5968195
-0.01890016
0.9372548
0.2153367
-0.4219058
-0.4263941
-0.6368188
-0.1181601
0.5138099
-0.377729
-0.6777087
0.5571337
-0.7755185
-0.2052091
0.7524892
-0.3727127
0.9941285
0.9777724
-0.8015184
0.5223476
0.3351064
0.4575634
0.3989567
-0.58007
0.4085777
-0.1442012
0.8376839
-0.6285594
-0.4755408
0.09807718
Q
0.7451402
-0.7848827
-0.04726565
0.9121715
0.3334478
0.5710641
0.194078
-0.5304704
-0.1520174
0.8556311
0.009582996
0.978657
-0.3516352
-0.7262689
-0.08247936
0.07499552
-0.5430738
-0.8692551
0.05076158
-0.2170686
-0.8593907
0.9866471
0.09891903
-0.9582547
0.5297294
-0.8607439
0.5821432
0.5173247
0.8067589
0.7222953
Q
-0.264078
0.9917406
-0.6426193
-0.5842648
-0.1228713
-0.8928261
-0.3955998
-0.68769
0.4613432
-0.8185738
0.433208
0.5245987
0.1297903
-0.6571496
-0.4872354
0.3564495
-0.1908021
0.1252231
0.5024093
-0.6664173
-0.6011274
0.7069364
0.3206791
0.7415253
-0.04253276
0.7584929
0.1161966
-0.0890104
-0.6175554
0.194192
Q
0.9889209
0.6767532
-0.3372293
0.1256872
0.1197091
0.01784241
0.6212763
-0.767368
0.3966002
-0.1896533
-0.5294038
-0.8553838
-0.3305982
-0.1306636
0.349722
-0.3839895
-0.1431426
-0.2439314
0.5289807
-0.8267201
0.3300575
-0.5430824
-0.9850847
0.4731767
0.3234227
0.02898312
-0.3289385
-0.384147
0.4582648
0.1186378
Q
-0.009024322
0.6934103
0.9298679
-0.7328485
-0.8074957
0.7564561
-0.138172
-0.9958975
0.2231413
0.4949222
0.7351732
-0.4234335
0.7286253
-0.3079373
0.862986
-0.7457436
0.0375371
-0.5486574
-0.6081942
-0.6585426
-0.09836441
-0.6398704
0.3820083
-0.7908378
0.8641341
0.5320033
0.6618379
0.189594
0.8022646
-0.909274
Q
-0.6532191
0.005423307
-0.2256328
-0.7220376
0.819371
-0.222814
-0.7852516
-0.5977497
-0.3231679
0.5932659
0.7541825
-0.1472451
0.5329274
-0.9659414
-0.5618933
-0.246509
-0.2717077
0.3228526
0.6101907
0.06916618
0.991446
-0.7802811
-0.7759528
0.1168075
-0.7829977
-0.3691539
-0.688598
0.7207056
-0.5969826
-0.3394989
Q
-0.9053818
0.6722341
-0.7981621
0.1324153
0.1481413
-0.27025
0.8021992
0.4506629
-0.1273084
0.08579993
-0.960492
-0.3647131
0.7745105
-0.2014602
-0.4127252
-0.9511193
-0.1727978
0.3479496
0.7710556
0.110643
-0.1962891
-0.6610148
0.5794032
-0.2669017
-0.90072
-0.872938
-0.2186239
0.6575598
-0.9390398
0.188525
Q
-0.534216
-0.5059572
0.9992329
-0.983669
0.4986477
-0.9180515
-0.349083
-0.5994879
-0.1140826
0.7083566
-0.0487082
0.2776295
-0.5498389
-0.4756092
0.0296582
0.3561592
-0.5547916
0.4255073
-0.4704674
-0.8318784
0.8036439
-0.03654766
0.94965
0.2923744
0.8567902
0.755633
-0.9071692
0.4687396
0.03313529
0.02107918
Q
0.9483739
-0.8553605
0.3897027
0.6841667
-0.379984
0.5454652
-0.363946
0.7581794
0.2998922
-0.4946736
0.3979638
-0.5733099
-0.5379678
-0.9373011
-0.8406488
0.5260814
0.8888242
0.05501246
0.7034402
-0.2568792
0.6818535
0.3558687
0.1280271
0.8928386
0.384881
0.5023316
-0.4556072
-0.2931415
-0.8404592
0.7430147
Q
0.9891176
0.1821774
0.3673768
0.8648382
0.7599827
-0.1933477
0.8879267
-0.2340056
0.9043747
0.484193
-0.2798948
-0.3129709
-0.8743848
-0.9757938
-0.2298422
0.3769537
-0.4985799
0.8869511
0.1330231
-0.6692913
0.8668088
0.03781843
0.7652994
-0.7099855
0.3392256
-0.4074947
0.01661241
0.4968641
-0.7007143
0.1176844
Q
0.001072526
0.9291955
0.5986385
0.5568775
-0.4837912
-0.7842137
0.0593133
-0.402806
-0.6972837
0.3526989
0.6381546
0.1228298
0.1506376
-0.7807528
-0.9769844
-0.005175531
0.2302535
0.1038209
0.1226808
-0.9920727
0.0009114742
-0.3425584
0.5738354
0.828832
0.8762059
-0.04870081
0.416878
0.0773623
-0.4743875
0.1674774
Q
0.7900399
-0.6089374
-0.5332912
-0.2133096
-0.5168796
-0.2090903
0.08839047
-0.4312623
0.5079974
-0.4456285
-0.6823596
0.9042262
0.584235
0.7803241
-0.3074459
-0.256021
0.8871807
0.5460522
-0.7330011
-0.6555988
0.3622518
0.9127915
-0.6258166
-0.7086416
-0.8832271
-0.6563691
-0.6446398
0.7698065
0.6806716
0.5649097
Q
-0.2010916
0.981951
-0.9284185
0.1352388
0.562659
0.247092
-0.3438789
-0.6360527
0.7361267
0.2321059
0.9064341
-0.3384842
0.5958235
-0.4316908
0.6902869
0.09668529
0.07320666
0.7935113
0.136278
0.1322269
0.0641185
0.8708256
-0.1896366
-0.8187887
0.8052256
0.8772484
-0.9831207
-0.8246496
-0.3300826
-0.8605104
Q
-0.5644504
0.318584
-0.1119338
0.9430878
0.7554631
-0.6643106
0.8326446
-0.5510039
-0.7823349
0.4454621
-0.9121421
0.5232334
0.8099256
0.03489304
-0.5620328
-0.299264
-0.683032
0.8058741
-0.3989285
0.0200876
0.2704241
-0.4381511
-0.3664715
-0.4515553
-0.4992088
-0.07191736
0.1715876
0.8903702
0.3300132
0.6854107
Q
0.2302128
-0.5192293
0.6940299
0.5966371
-0.2034437
-0.41215
0.7734495
0.6527357
-0.1871539
0.3545976
0.2640407
-0.3757894
0.5758462
0.6908159
0.04436898
0.5408851
-0.9390998
0.7754704
0.7432441
0.1044897
0.5602803
-0.7889949
0.574279
0.6498299
-0.1309345
0.8737007
-0.3149445
-0.6603785
0.4422966
-0.1726195
Q
0.1641017
0.9422745
0.1189829
-0.4677457
-0.7847507
0.6070873
0.8292035
-0.7867116
-0.7616633
0.8501172
-0.07271355
-0.3357677
-0.006972015
0.2464739
0.7560469
-0.3537865
-0.01399732
-0.0572874
0.5040756
-0.0400939
-0.1328174
0.3961172
-0.8528739
-0.7744765
-0.8748697
0.01920772
-0.09350818
-0.9557999
-0.2724283
-0.07714438
Q
0.9027945
0.4338281
-0.7895609
0.9854656
-0.8095042
0.3217663
0.5052277
0.04359186
0.4755666
0.4372817
0.7116816
0.8476117
0.5371337
0.8931268
-0.8227968
-0.1039519
0.217977
-0.6721951
0.893783
-0.7771481
-0.1123019
0.7423428
-0.1644542
-0.5176095
0.9601979
0.7679845
0.7951483
-0.1065406
-0.592876
0.1960416
Q
-0.2994046
0.7850033
0.4857168
0.3154811
0.9473226
0.4934584
-0.5462068
0.007562399
0.05597818
-0.5657194
0.1409858
0.9424108
0.4671459
-0.9332061
0.2482245
0.01957083
0.8589835
-0.7460008
-0.9516796
0.2290822
0.8012305
-0.4213131
-0.8495828
-0.4952803
-0.9648424
-0.8395483
-0.4017178
0.7280486
-0.9747323
-0.5774887
Q
0.526618
-0.3882305
-0.3635309
-0.7204725
-0.2633162
0.9266783
-0.6381052
-0.7783474
0.9458042
-0.3162539
-0.5577451
-0.7895852
0.2718267
0.4595023
0.08186571
-0.05471324
-0.7248031
-0.2312505
0.234166
-0.05937156
0.9090012
0.5411465
-0.1548609
0.1780393
0.3948098
-0.8780915
0.6345837
-0.01900226
0.280325
0.786871
Q
-0.1048238
-0.2742554
-0.01770538
-0.3665331
-0.09233743
-0.4707824
0.305943
0.1876209
0.3301076
0.3215462
-0.342324
0.6373309
-0.691805
0.3645755
-0.2131726
0.5908158
0.3068601
-0.3090852
0.4228537
0.08987033
0.8852547
0.8295302
-0.5061174
0.08464062
-0.4864897
0.985469
0.7666292
0.458426
-0.1152859
-0.3852222
Q
-0.7079079
0.3808979
-0.05867088
-0.8410668
0.7885686
0.7165103
0.2281201
-0.3616401
-0.4481602
-0.4473515
0.6393442
0.08757603
0.4386444
0.9126198
-0.7170489
-0.7283298
0.232954
0.4805635
-0.6087856
0.8039951
-0.1849515
-0.05632865
0.5581434
-0.8095468
0.9016163
0.06564593
-0.768138
0.8976539
-0.8800434
-0.07780641
Q
-0.2374116
0.847517
-0.6970931
-0.2846703
0.02945411
0.2767781
-0.3039983
-0.8507382
0.5760069
0.07031715
-0.6373043
-0.3314998
-0.860925
-0.1297948
0.4505262
-0.2023214
-0.6091142
-0.4187372
-0.1983104
-0.7581599
-0.2474851
-0.7139344
0.06721163
0.08071887
0.7997293
0.3484207
0.8227545
-0.2491241
-0.7426831
-0.2770772
Q
0.4846482
0.3304662
-0.4815967
0.6296462
0.79006
0.7918272
-0.2153308
-0.2766853
-0.1168342
0.006172895
0.5756685
0.08369231
0.9045568
0.3208972
0.4412994
-0.8534517
-0.1954037
-0.3120619
-0.260073
0.1039376
-0.32524
0.6505992
0.09596443
0.8781165
-0.8303213
-0.5234772
-0.2196947
0.222188
-0.08439964
0.6810333
Q
0.4540237
0.9451257
0.8919448
-0.146916
0.5856689
0.03222954
-0.8499031
-0.4905712
0.08014512
0.658699
-0.9869906
0.6675711
0.698097
0.7955166
-0.3338283
0.6688226
-0.6184912
0.7463144
0.6394194
0.6531811
-0.4561756
0.1348164
-0.989051
0.1533793
-0.9518373
0.834049
-0.7654983
-0.3597131
0.4599675
0.3135372
Q
0.01152194
0.5624813
0.8077143
0.2021325
0.5521493
0.6305428
0.1917475
0.05147266
0.7352283
-0.5909301
0.9964514
-0.7048324
0.607793
0.08122802
0.0909282
0.007188916
0.9525023
0.3004478
0.2119448
-0.4991439
-0.9049861
0.03399086
0.5827686
0.2624192
0.1372088
-0.6807927
0.9341768
-0.2614345
-0.1950787
0.7516198
Q
-0.2022722
0.5098101
0.04946216
0.7666104
-0.3528254
-0.5494719
0.8598568
-0.5040355
-0.7566326
0.03563028
-0.5229249
0.3300362
-0.9889139
0.2303502
0.6567297
-0.7513431
0.5270234
-0.07028146
-0.9375488
0.04097508
0.8815467
-0.06594754
0.428342
-0.04089091
0.2185228
0.9775311
0.9797102
-0.454704
-0.9350738
0.2329426
Q
0.696366
-0.546818
-0.7534487
0.9836085
0.6113421
-0.5133587
0.2457062
0.8411851
-0.5659492
-0.3596
0.1473321
0.4565378
0.05708039
-0.8236841
-0.976219
-0.2350222
0.02290475
-0.647581
0.6056895
-0.1114481
-0.2078161
0.004455686
-0.3238857
0.7639475
0.8700731
0.8636738
-0.918532
-0.9096501
-0.4519154
-0.3303539
Q
-0.5291846
0.3145617
-0.5689592
0.01042545
0.339263
-0.9761069
0.08348489
-0.9725224
0.6190075
0.1700884
0.002950668
0.6858383
-0.5043298
0.4220512
0.8936417
-0.574991
0.8769735
0.2520262
-0.06466961
-0.5464544
-0.04537368
0.6272937
-0.06039447
0.1763718
-0.5592419
-0.3080898
0.7770677
-0.5173962
-0.8864646
0.7476683
Q
-0.5948268
0.1553564
0.2931005
0.7644048
-0.8304155
0.8327703
0.02549696
-0.9533449
-0.1629471
0.9998879
0.6814929
-0.004572928
-0.2665884
-0.5643989
0.8856012
0.1063455
-0.4912145
0.2540631
0.8703059
0.4450641
0.9867003
-0.1705581
0.1550195
-0.905461
0.7150198
-0.1564783
-0.6250437
0.254669
-0.4303327
-0.3526472
Q
-0.7531747
-0.399119
0.9139422
0.8713392
-0.2350848
0.8475943
-0.6072621
-0.2687346
0.2524667
-0.9391287
0.3995119
0.8303185
-0.5850267
-0.06455755
-0.2279473
0.9591992
-0.1061178
-0.4959955
0.2907705
0.3344126
-0.8168753
-0.4769954
-0.3877021
-0.3315287
0.760968
0.5757314
-0.9996632
0.1985615
-0.950615
0.3260629
Q
0.4578141
0.770828
0.4769877
-0.8102999
0.7530626
0.08061182
0.08148491
-0.1379277
0.6706859
-0.9619931
-0.2863924
0.7775201
-0.9984035
0.8094347
-0.9544479
-0.8436182
-0.5855314
-0.7804229
0.3224863
0.7558205
0.9496394
0.8709518
0.9638984
0.2352548
-0.5357718
0.7238208
0.9885831
0.2454709
-0.8896287
0.1891838
Q
0.8472575
0.1941763
-0.3181195
0.9264038
-0.3969429
0.628684
-0.6466692
-0.7747268
0.1823798
0.6914408
-0.1222857
-0.9681902
-0.1666813
0.2527636
-0.379195
-0.5943954
-0.4785919
-0.1971367
-0.3770809
0.6045861
0.1612628
0.7807598
0.8760753
-0.7064356
0.3764234
0.5868623
0.8069296
-0.758267
0.725472
-0.9707582
Q
0.09202874
0.836014
-0.2482982
-0.5184956
-0.809253
0.5194312
0.09564035
-0.9248073
0.2063775
-0.5831306
0.803051
-0.8108046
0.03719769
0.6310455
-0.1218941
0.9178296
0.03763238
-0.2888677
-0.3855502
-0.9413759
0.2024138
0.1857186
-0.3774483
-0.4942173
-0.9720789
-0.9335023
0.3180999
-0.611684
-0.4500183
0.0161952
Q
0.8217545
-0.8884022
-0.5001988
0.153138
-0.4005879
0.04170036
0.2801087
-0.6481833
0.06201422
0.1013737
0.3099649
-0.5537845
0.5964859
-0.793949
0.801535
-0.02793264
-0.2564375
-0.7549701
0.4154582
0.4585937
-0.4507708
0.0957948
0.6272832
0.6668484
-0.1731708
0.9063089
0.2134622
-0.7540841
-0.5464191
-0.8757482
Q
-0.7986699
-0.2926763
0.5252123
-0.8098173
-0.4048862
0.6914532
0.6893942
0.8840592
0.03163326
0.8364059
-0.3622791
-0.3141835
0.6491206
0.5130761
-0.2513413
-0.2438028
0.589234
-0.5834993
-0.2957499
0.05585372
0.3229351
0.07307124
-0.02714223
0.09138668
-0.5330344
-0.2740404
-0.5156853
-0.1670473
-0.6736912
-0.3068968
Q
0.8282381
0.0341928
0.8982358
-0.06223756
-0.09995639
-0.3973587
-0.07899684
0.4063032
0.6109374
-0.8899181
0.2826731
-0.1404966
0.2133965
0.5790523
-0.1791272
0.8634127
0.4466742
-0.8857929
-0.08181024
-0.929368
-0.682925
-0.2030385
0.5416658
0.3977271
-0.1986834
0.1282588
0.7344658
-0.5661744
0.7232171
0.8691541
Q
0.2071385
-0.1435585
0.5577503
-0.6614699
-0.9918323
0.603528
-0.2124193
-0.2886419
-0.3869675
-0.8539826
0.835194
-0.8170692
-0.1944366
-0.4058318
0.7731807
-0.5365682
0.8596747
0.3938054
-0.7294861
-0.3964472
0.2792853
-0.6298925
0.914763
-0.7443231
-0.6239718
0.03127658
0.492527
-0.4994913
-0.8635542
0.7717848
Q
-0.1318246
-0.5128224
0.683086
0.7417831
-0.09705675
-0.5737684
0.301753
-0.1251336
0.5708847
0.2173448
0.07583201
-0.2646839
0.5011747
-0.2278276
-0.764562
-0.8658559
0.9913981
-0.05250245
0.6245464
-0.6621152
0.2685841
-0.6593395
-0.8366883
0.1196643
-0.4101312
-0.1629689
-0.05832148
0.3020735
0.9625019
-0.0231089
Q
-0.888999
-0.7129279
-0.4250877
-0.1587523
0.277842
0.3480164
-0.5001552
0.06378019
0.6912251
0.3469491
0.1616788
-0.01519173
0.8229207
0.05316913
0.5277208
-0.4560307
-0.1310671
0.1425905
-0.9797612
-0.7581159
0.03987849
-0.4549705
-0.1240377
0.798561
-0.4967994
-0.4724851
-0.6761342
-0.4365782
0.1519144
-0.9340878
Q
0.4845531
0.9996796
-0.08763457
-0.4060052
0.1063414
-0.2112394
-0.8395962
-0.3400731
0.4943304
-0.1125771
0.6342994
-0.07238182
0.2562726
-0.7224026
0.176206
-0.7162242
-0.4822614
0.1101403
0.5919435
-0.9540991
0.9680982
0.7990855
0.2818347
0.7206153
0.9370127
0.5659715
0.4111086
-0.223648
-0.6619503
-0.2496723
W
Q
0.9364229
0.9118658
0.6253128
0.862396
0.1619992
-0.9275563
0.2289273
0.9468254
-0.2610392
-0.6164346
-0.790994
0.6482601
0.132817
-0.3924153
-0.8877394
0.288757
-0.4016351
-0.3776451
-0.7805753
-0.9902248
0.2137232
-0.02852171
0.1060148
-0.9021859
0.6854651
-0.2821552
0.1917468
-0.3430191
0.5403721
0.3776503
Q
-0.6781202
-0.2559953
0.8632711
0.6978765
0.01575156
0.6309597
-0.5847986
-0.9857931
-0.7886679
0.2888138
0.1633172
-0.1470186
0.6623316
0.7590939
-0.8491722
-0.8509824
0.1130333
0.824752
-0.7227855
-0.1872563
-0.8460036
-0.8813776
-0.2594481
0.8104297
-0.03505636
-0.1941491
0.5274987
-0.8230691
-0.5558457
-0.1193028
Q
-0.5935467
0.3613093
-0.0004865315
0.8871262
-0.09574287
0.2695459
-0.09029168
0.09650819
0.6577972
-0.8168365
-0.391852
-0.9919074
-0.2790362
-0.949594
-0.8815044
0.4436809
-0.6612781
0.5346372
-0.4311724
-0.9212862
-0.1677705
0.2631576
-0.4350947
0.2300554
-0.7967426
-0.9965486
-0.9471562
-0.2670683
-0.7900989
-0.896539
Q
0.5700526
0.3306339
-0.2831328
-0.243136
0.4916722
-0.3371789
0.871966
0.2465703
-0.1205286
-0.7966753
-0.2717566
-0.3805815
-0.3704174
0.5458484
-0.8894703
-0.9804107
0.7600213
-0.1535515
0.3621714
0.1887775
-0.3577057
0.8753271
-0.1980169
0.7397174
0.1432963
-0.2035947
0.7694569
0.6838688
-0.09919506
0.2167018
Q
-0.113393
0.5543338
0.944893
0.03809547
-0.3225426
-0.9959037
0.293542
-0.3731775
-0.2191402
-0.533244
-0.7119337
0.6893555
0.8753892
-0.8960145
-0.3562595
0.9353238
0.6842077
-0.9072723
0.983862
-0.7071776
0.8864825
-0.1522689
-0.0853157
0.5959768
0.6947254
-0.4713479
-0.02285144
0.6135684
-0.3047332
-0.1066361
Q
-0.6542345
0.6627696
-0.9734519
0.8416359
0.06508131
-0.3153116
-0.492247
0.4330723
-0.984507
-0.5335206
-0.7803743
-0.4186892
-0.277978
-0.6457726
-0.8140284
-0.07340557
0.6357319
-0.5004448
-0.138918
-0.9147508
0.5911411
-0.08305657
-0.07612026
-0.7097059
-0.9611236
-0.360348
-0.6510838
0.34337
-0.8511947
0.0269473
Q
0.9315566
0.8874956
-0.7213412
0.9423008
-0.9734141
0.8488411
-0.7376505
0.5786593
0.2506355
0.1764548
-0.3403446
0.9683691
0.8263431
0.6668569
-0.7335793
-0.8073366
0.2417494
0.5087538
0.6020582
0.341417
0.1140132
0.8341855
-0.191885
-0.4030439
0.4288222
-0.2611102
0.736254
0.8027595
-0.574571
-0.6642278
Q
0.2842671
-0.01145588
-0.2134936
-0.7119309
-0.3061853
-0.556638
-0.5880734
-0.8406143
0.07775267
0.3733811
-0.07910413
0.6104459
-0.09120461
-0.06851531
-0.05142515
0.09753732
-0.3765627
0.7724557
-0.5530114
0.1071677
0.8346162
-0.4532529
0.6855304
-0.4340408
-0.9026288
0.07938065
0.6817027
-0.4865214
0.2876961
-0.887413
Q
0.1532303
-0.08513665
-0.9879282
0.3753883
-0.02017648
0.03983724
0.3787878
0.5726061
0.7493014
-0.1701772
0.3493681
-0.4756949
0.9680346
-0.8068827
-0.7762604
0.8993206
0.6654705
-0.5197523
0.6413531
0.1128167
-0.9696961
0.9784404
0.2286054
0.3297668
-0.2624801
0.3030151
-0.7794546
-0.8093022
0.614434
-0.2383407
Q
-0.1283104
-0.03483408
-0.08620763
0.7676655
-0.3044175
-0.1032773
0.5560974
0.9687507
-0.9423006
0.2446495
-0.8001505
-0.3023129
-0.7226561
-0.5147519
-0.977558
0.7174958
-0.6271569
0.8736316
0.18006
-0.9837677
-0.9667691
0.646343
-0.0002296524
-0.5707139
0.1747899
0.686258
-0.317695
-0.3621316
0.6768085
-0.1807081
Q
0.9581721
-0.01235735
-0.06862541
-0.5223215
0.5591393
0.05424225
-0.5745482
0.528157
0.002597998
-0.8906269
-0.488503
0.5836538
0.8681672
0.8304543
0.2807534
-0.04873874
-0.1554813
-0.2849221
0.5855193
0.8477023
-0.6829338
-0.565626
-0.2545729
0.8652171
0.2253461
0.9653956
-0.5154937
-0.4071244
0.009324838
-0.7855823
Q
-0.7080577
0.2384069
-0.9434404
-0.7583225
0.710045
0.345969
-0.9924304
-0.5366971
-0.3367465
0.9473913
-0.6545254
-0.8225379
0.9068592
0.5217339
-0.9373108
0.1316031
-0.4011683
0.8940365
-0.2650036
0.8377863
0.9227905
-0.9087108
-0.02841033
-0.1289769
0.523798
-0.757785
0.06615781
0.2523319
0.5937437
-0.4302641
Q
-0.4811676
-0.2118191
0.1911437
-0.7804453
-0.6547537
0.8116076
0.5887768
0.5707084
0.6052926
-0.1630503
-0.7482249
-0.07773477
0.900311
0.9715916
-0.7430881
-0.1614326
-0.6565168
0.162658
-0.1662082
0.8856746
-0.301161
-0.7256718
-0.6233686
-0.004561017
-0.7993469
-0.7331822
0.1855358
-0.2821205
0.4678299
-0.7201888
Q
-0.1304408
-0.9064825
-0.8851849
0.8266422
0.3892819
-0.2842849
0.3021792
0.7174429
0.3199955
0.01005476
-0.6766717
0.1297039
0.0008373936
0.6710154
0.1690234
0.07127873
-0.1005679
0.2668861
0.4036472
-0.2773255
-0.9103256
-0.2400488
-0.3159386
0.1337372
-0.7554958
-0.5884511
-0.8042943
-0.9810984
-0.9215715
-0.3739282
Q
-0.8971216
0.3254813
-0.9182887
0.382216
-0.1712518
0.7854959
-0.8550506
-0.13237
-0.8771471
0.04130411
0.4452146
0.5137969
-0.1243804
-0.6244892
0.1446244
0.3757942
0.3244231
0.03162968
0.1955391
-0.7138963
0.4509934
-0.9358172
0.5571367
-0.3344367
-0.890392
0.4094561
-0.01892209
0.5821379
-0.02226698
-0.4799907
Q
0.6390144
-0.3060763
-0.8608423
-0.7795502
0.8042226
-0.08087409
-0.7112005
-0.6597248
0.2857827
-0.2455173
-0.6007439
0.2807943
0.6813705
-0.3555402
0.2461543
0.8084418
-0.2417736
0.09987986
0.03575461
-0.1287174
-0.01272815
-0.1171106
-0.6600319
0.4199039
-0.9613044
0.7683446
0.4161479
0.2726079
0.4192921
-0.195582
Q
0.889897
0.6028435
0.7580265
0.8062003
-0.1801267
-0.263538
-0.8449391
0.3404018
-0.5433317
0.03562292
-0.3086455
0.9097564
0.5316211
0.05173669
-0.2166109
0.8757662
-0.9788965
-0.1365469
0.6010144
-0.7771485
-0.5177419
0.9419783
0.6487267
-0.7039943
-0.2438744
-0.6460444
-0.2807463
-0.8182458
-0.9641221
0.5029778
Q
-0.07901686
-0.5186353
-0.8083287
-0.4906409
0.6779507
0.923344
-0.1617404
-0.573719
0.07197976
-0.3968346
0.7594781
-0.4209136
0.8356591
-0.7040826
-0.02686701
-0.191653
-0.6318334
0.2553071
0.8925786
0.3950444
-0.5908457
0.8182776
-0.4184335
-0.9194467
0.9479188
0.9541169
0.4620209
0.05007529
-0.5340824
-0.9827917
Q
0.3045238
-0.04630856
-0.980568
0.7703713
0.4283917
0.3399498
-0.4576218
0.1054383
0.9524221
0.1828445
-0.5628273
-0.4709664
0.6196861
-0.2772187
0.3628919
0.8130676
-0.9999117
0.782992
0.5456086
-0.6489129
-0.07355324
-0.8567007
-0.8920666
-0.3929614
0.102705
0.8997983
-0.888882
-0.4385597
0.7238338
-0.5386769
Q
0.9603634
0.05477097
-0.3701414
-0.5450457
0.625396
0.8162272
-0.4744539
0.5447413
0.4683971
0.8257884
-0.8501307
0.9401565
-0.7877994
0.9719816
0.2892429
-0.03811946
0.3577733
-0.4149731
-0.8589507
0.4619325
0.2670833
-0.07969099
0.6661211
0.04685931
0.1612245
-0.154243
0.4123946
-0.3323342
0.5285935
0.2288319
Q
0.3816047
0.4911015
0.3946583
-0.5231907
0.4742627
-0.01017257
-0.7321742
0.7374959
0.9968404
0.4745434
-0.7617492
-0.9227911
-0.4747025
-0.2234208
-0.7968571
0.8957327
-0.3649443
0.813464
-0.06208344
-0.2466565
0.9764135
0.5827845
-0.0006095849
-0.4788977
0.04005315
0.3886503
0.582999
0.2937298
-0.2203604
-0.5961676
Q
-0.9838523
-0.7604322
0.8448505
-0.2317348
-0.5509425
-0.1824589
0.4951724
0.8149797
0.9720529
0.08994883
-0.152469
-0.8557932
0.9873879
0.02883382
-0.1569031
0.1408215
-0.7297181
-0.04191729
-0.04997692
-0.2226623
-0.1457975
-0.4093243
-0.5245129
-0.9954731
0.7988194
-0.5082916
-0.1264409
0.4367548
-0.914387
0.4068285
Q
-0.04214317
0.5930079
0.6166618
-0.7778969
0.8376461
-0.3195518
-0.9916874
0.7540854
0.07819176
0.1398834
0.9984829
-0.0341352
0.6633972
0.1288825
0.4385755
0.01200009
0.4922687
-0.8030431
-0.7521722
0.3127171
-0.6643518
0.8296149
0.6264935
0.003677294
0.425472
0.7640781
0.8403262
-0.03055423
0.9573491
0.9439826
Q
0.7293667
-0.4347756
-0.8841486
0.8896742
-0.448799
-0.6292714
-0.1932707
0.005451225
-0.5396256
-0.7380307
0.2039961
0.8718325
0.6374557
-0.1442799
0.6248107
-0.1879101
-0.1243581
-0.639756
0.4797082
0.3812898
0.2397981
0.8377851
-0.9058886
-0.3615521
0.128242
0.9665145
-0.3870153
-0.203369
-0.9264321
-0.159878
Q
0.7967364
0.1342096
0.08146577
-0.7308837
-0.5993595
0.5475458
0.2392083
-0.1126253
-0.3587285
-0.3144607
0.1915054
0.7874535
0.05074747
0.131652
0.9577823
0.9890378
-0.852043
0.8006613
-0.04801188
-0.03531585
-0.3907983
-0.5223591
-0.4373073
-0.1813806
0.8915815
-0.528887
0.4774035
-0.2385679
-0.4153135
0.757744
Q
-0.06811686
0.6202524
0.223103
0.4072597
-0.2623766
-0.4440103
-0.4133962
0.2241697
0.2645441
0.6364335
0.4728695
-0.1615627
-0.3042489
-0.9517074
-0.9496683
0.04336394
0.5067959
0.170459
0.9774767
-0.5349723
-0.004029938
0.1215796
0.8754377
-0.5703349
0.3190955
-0.4284836
-0.7371535
-0.6224651
0.9295275
-0.9298577
Q
-0.697312
-0.1164717
-0.324559
-0.740378
-0.8327988
0.8276453
0.7243923
0.2201592
0.433048
0.5613532
-0.4235089
0.6874442
0.3282508
0.1363328
0.6392043
0.8669422
-0.2296731
0.8412498
0.4277494
0.9706076
0.5909724
-0.3927902
0.2927163
0.01412907
0.8103038
0.7448146
-0.2065626
-0.9118357
-0.8338931
-0.7068567
Q
0.2946427
0.1944005
0.1586579
0.1701815
0.9549091
-0.9796904
0.7886707
0.8831306
0.2157183
0.7824036
0.9503007
-0.4555701
-0.09632435
-0.5805214
0.4341354
-0.452812
0.2933329
0.6798912
-0.2954245
0.4925209
-0.4637142
-0.4982218
-0.9004653
-0.1131973
0.6954782
0.5908114
0.6613125
-0.5506818
-0.5776135
0.03420763
Q
0.05405184
0.1399041
0.3522842
0.2818485
-0.5069576
-0.8304064
0.9661506
0.6842952
0.8466326
-0.01834408
0.9581193
-0.7879689
-0.811796
0.6406717
-0.9372188
-0.6109582
-0.40535
-0.6238317
0.1976278
0.5001045
-0.5917269
0.4615327
-0.1993763
0.672784
-0.2071353
0.09486699
-0.7281466
0.4747033
-0.6359023
-0.6410028
Q
0.460744
-0.8184897
-0.8538244
-0.1037513
0.4045238
0.5513903
0.1376301
-0.05890654
-0.6224067
0.3271826
0.9955961
-0.1420589
-0.4891376
-0.4218339
-0.710253
0.9113307
0.246132
0.632697
0.201769
0.06666183
-0.9268501
0.2247587
0.5341035
0.2279556
0.5925193
-0.6607189
0.6795001
-0.511016
0.3981754
0.8977401
W
Q
0.3201946
0.4876307
0.6423013
-0.5026181
-0.9694797
-0.9579716
-0.2555744
-0.3417364
-0.1623483
0.4570147
0.4350792
-0.179962
-0.8270805
-0.587328
-0.396409
-0.7102473
0.09461741
-0.496882
0.1835395
0.02572287
0.8419996
0.162329
0.2923335
0.2662013
-0.7640148
-0.3525894
-0.08178079
0.3037319
0.06524652
0.8718901
Q
0.5429151
-0.5201497
-0.1642667
-0.3245965
0.3703055
-0.1314397
-0.9192072
-0.7407688
0.8693024
-0.4982954
-0.02555696
-0.6358794
0.60964
-0.3619292
-0.5952758
0.3611747
-0.1847227
-0.0110712
-0.9504766
-0.4151169
0.9858615
-0.7853609
-0.1279826
-0.3505602
-0.8421306
-0.8046969
-0.6238997
-0.7386073
0.3831168
0.123807
Q
0.5930171
-0.0342348
-0.1916245
0.8921525
-0.6598188
0.3371862
0.737276
0.2332791
0.4212006
0.01383285
-0.7561117
0.3142309
-0.4759847
-0.1324292
-0.20179
0.6826996
-0.3718708
0.8312609
0.2862232
-0.8970587
-0.6851939
0.01572101
0.2870095
-0.3372193
0.3282785
0.6078321
-0.8137046
-0.4824734
0.1750025
-0.5075415
Q
-0.1238837
-0.2544991
0.06101807
0.3814165
0.398358
-0.1987327
-0.2540864
-0.9354647
-0.9760062
0.0780067
0.7556387
-0.3716846
0.5710589
0.7419825
-0.09959477
-0.651983
0.7818755
0.3596588
-0.4873958
0.7479706
-0.569862
-0.9031126
0.02086681
0.1258943
-0.4227072
0.6787479
-0.8544032
-0.4361247
-0.2676584
0.1508944
Q
-0.9417211
-0.07125621
0.1944285
0.3677765
-0.4312607
0.462997
0.4861402
0.3998506
-0.1185766
0.8822135
0.7667155
0.2622306
0.02494453
-0.4408415
-0.6125984
0.7159569
-0.07919554
-0.5721266
0.2598271
-0.5955805
0.1578719
-0.3376027
-0.2555147
0.389271
-0.2207761
0.7246296
0.9351228
-0.1958685
0.7196025
-0.3443255
Q
0.3321927
-0.1269048
0.8582475
0.6973724
0.699577
-0.6233726
-0.6258011
-0.6683266
-0.1149905
-0.7042731
0.9598113
0.6311894
0.8657579
-0.336594
-0.1653436
0.9959117
-0.4332659
-0.8101088
0.9628016
0.2247919
-0.8640019
0.4725195
-0.2535274
-0.938122
0.3958815
-0.8157388
0.8051544
-0.4114418
-0.1558861
0.5278739
Q
0.6802466
-0.7742535
0.7001715
-0.5654734
-0.6108685
0.166694
-0.1382059
-0.3121726
0.3393284
-0.453396
-0.90379
-0.6251785
-0.8913158
0.1980602
0.03121229
-0.121282
-0.2741407
0.9445674
0.7287107
0.3683887
-0.3857627
0.7568055
0.430883
-0.9539677
0.8596779
-0.8733711
0.7963704
-0.6985141
0.5153236
-0.4285309
Q
0.4875607
0.3571415
0.6137264
-0.7204527
0.4054374
-0.8344134
-0.7711143
-0.5544847
-0.1707722
0.7049505
0.5020621
-0.3765351
-0.3218125
-0.9601943
0.09769935
-0.3622009
-0.1361824
-0.6353317
0.3055288
0.07929488
-0.356003
0.1154002
-0.8405108
-0.9322301
0.9234437
-0.2051403
0.6541432
-0.4251601
-0.7374999
0.370324
Q
0.1725007
-0.2321436
-0.2390349
-0.391345
0.0176834
-0.5050372
-0.08149218
0.6257808
-0.2868659
-0.5030323
0.499045
-0.1005179
0.663442
0.1121708
0.1333355
-0.2473032
-0.9937659
-0.238021
0.4888415
-0.06744497
0.9368095
-0.7902126
0.492171
0.141653
-0.6278452
0.1976503
0.545956
-0.6438839
-0.3894262
-0.4885518
Q
-0.8169764
0.458911
0.1446364
-0.6704426
0.8556121
0.9172139
0.4311437
-0.9199922
-0.8571755
0.9453174
-0.2611122
-0.4076048
-0.4176688
0.144951
-0.7840784
-0.5039479
-0.04440491
-0.2098925
-0.957842
0.647904
0.8128728
-0.2263352
-0.5622287
-0.3765036
-0.03728484
0.2756829
0.6193151
-0.7635064
0.8200307
-0.05099231
Q
0.01520254
-0.7983177
-0.1570773
0.3160279
0.4405737
-0.4811881
-0.217389
0.2777294
-0.164514
-0.4249176
-0.318033
0.3460174
-0.01275871
0.1979175
0.6173878
-0.09016127
0.9967086
-0.8437667
-0.2983912
-0.4096366
0.5660003
-0.4315908
-0.1364594
0.8411804
0.4093539
0.02113919
-0.4788622
0.3668523
-0.4200728
-0.7020966
Q
-0.7400204
0.193819
0.3829173
0.7236853
-0.6092862
0.7394025
0.8289224
-0.2246543
0.9772315
-0.8270141
0.5123838
0.2066765
0.07282025
0.1309028
0.4276513
0.4505263
0.4255735
0.3453273
-0.6341587
0.6226039
-0.9197344
0.1184292
-0.6413554
-0.003612418
-0.5532033
0.3381428
0.001743652
0.9066689
-0.5805618
0.9976716
Q
-0.3021973
-0.4624139
0.3804384
-0.5780213
-0.847803
0.6043267
0.4742313
0.2266683
0.1704428
-0.8322087
0.3808826
-0.2756284
-0.5826204
-0.9463734
0.3617314
0.7907297
-0.2897196
0.9817026
0.5706092
0.09556425
-0.9784722
-0.7859172
-0.3246993
0.1143885
0.1415503
-0.1648301
-0.6134684
0.2768886
0.05256638
-0.26234
Q
-0.6440863
0.9795675
-0.2427704
-0.185428
-0.3309035
0.6923804
-0.2910869
0.275443
0.846198
0.9513499
-0.8813542
0.195392
0.4548239
-0.3006144
-0.6059454
0.9412826
-0.05723257
0.08506425
0.5474166
-0.7085384
0.9249783
-0.1511751
-0.09789155
0.3942388
-0.5162826
0.8622774
-0.7339483
0.2804286
0.317017
0.2177981
Q
-0.8259007
-0.5672227
-0.7544698
0.02498667
-0.2551863
0.6601536
0.2390417
-0.3073546
-0.9016606
-0.9986461
-0.2937461
0.7244188
0.1442209
0.9028617
0.01868444
0.2204704
-0.5849908
-0.2525036
-0.10609
0.4437664
-0.8081835
0.5051491
-0.5538074
0.9972851
0.507082
0.0774587
0.3629872
-0.6691297
-0.1931828
0.4263327
Q
0.9584329
-0.3715951
0.7539999
0.9445441
-0.2373846
0.2092839
0.6743966
0.6492347
-0.7188835
0.7037327
-0.6075743
0.4490793
-0.7098948
0.2187223
0.1244129
0.7578877
0.4913687
0.4650323
-0.3582014
0.8510372
-0.4670564
-0.5768815
0.7740333
-0.9944825
-0.3310439
0.9865862
-0.7517529
0.5178932
0.6673584
-0.7028383
Q
0.8858247
-0.3279956
-0.4271239
-0.2521796
0.09601229
0.3902283
0.95832
-0.7439276
-0.9888031
-0.259391
0.09825747
-0.3872098
0.7400352
0.7993946
-0.9439342
-0.8439102
-0.2214312
-0.6173309
0.319575
0.871622
-0.1341692
-0.8349892
0.5752952
-0.1044538
0.5353119
-0.1456301
0.7484808
0.2755943
-0.2239729
-0.03896092
Q
0.9818746
0.9839497
-0.2044467
-0.4933878
-0.2229245
0.7172281
-0.5290966
-0.9715921
-0.6323481
0.5330398
0.2089683
-0.3693913
0.1104227
0.4346755
0.8103294
-0.966014
-0.7938814
-0.3871091
0.8305014
0.4696782
0.135218
-0.6522119
-0.5744628
-0.9576634
0.720814
0.09671484
0.6773279
0.2125095
-0.7583511
0.6417471
Q
0.4800419
0.05015461
-0.4158934
0.1163814
-0.3711665
-0.05551868
0.2927949
0.2789929
-0.5611334
-0.6923337
-0.6457287
-0.04807585
-0.6614279
0.6568677
0.5344067
-0.5351369
0.4608644
0.7249825
-0.1796255
0.5423613
-0.3373014
-0.05446997
0.4913617
0.02127614
0.6340916
0.5584176
-0.2467837
-0.2142082
0.6803687
-0.9601046
Q
0.786759
-0.2740932
-0.1496787
0.7289165
0.5804466
-0.4736807
-0.681697
0.1814922
0.08951536
-0.08667098
0.3338987
0.3916282
0.1620093
-0.2190397
0.3958653
-0.9130299
-0.6145316
-0.8135928
-0.3681589
-0.7835344
0.487527
0.4212711
-0.9006137
-0.9799756
-0.4654855
0.5587921
0.5628309
0.4822844
0.07041715
-0.8087367
Q
0.5986204
-0.6010337
0.04927275
-0.4324815
-0.7739826
0.4882556
0.9279536
0.9539657
0.9385488
0.1425549
-0.4565091
0.7308601
-0.3709685
0.3287966
0.5538996
-0.6706519
-0.7596807
-0.7617736
0.471453
-0.6322491
-0.4006236
0.04852466
0.8234279
0.7708696
-0.6345148
-0.3734784
-0.1697055
0.1944073
-0.9783449
-0.03651239
Q
-0.8889254
-0.1017498
-0.593677
0.7352808
-0.007341827
-0.8872674
-0.7865537
0.1698503
-0.4012892
-0.5424852
-0.7675504
-0.3067052
0.07390397
-0.05596575
0.6904141
0.4703476
-0.3087771
-0.01938499
0.2294403
0.3225124
0.2440564
0.5989691
0.8235145
0.9076205
-0.4499009
-0.4244573
0.2784033
-0.797972
0.5995021
-0.3420415
Q
0.9323057
-0.02494201
-0.6934593
-0.5675863
-0.1673954
-0.7772879
0.5935252
-0.4387551
-0.7833771
-0.9731287
0.06838094
-0.1272589
0.9102291
-0.6330669
-0.6447698
-0.2504804
-0.1731661
-0.3249288
0.1561685
-0.8609271
-0.7862133
-0.2077864
0.6409767
0.5919597
-0.4878929
0.07473943
-0.5012977
0.1851808
-0.5828805
-0.1656718
Q
0.570343
0.9407447
0.7239668
-0.6998492
0.7182313
-0.2326338
-0.48837
-0.1421797
0.2476396
0.09768983
-0.5806189
0.01282241
0.2956317
-0.8243278
-0.27377
0.9132679
0.5406826
-0.8051299
0.8260223
-0.5484281
0.5269441
-0.556665
-0.4811169
-0.4802454
0.1400951
0.3340901
-0.2854213
0.9203089
0.7578749
0.7240084
Q
-0.8558784
0.3822904
-0.9845471
0.4980366
-0.06801403
-0.8137391
-0.9332008
-0.362997
0.9821601
-0.6847958
0.8172657
0.9085299
0.0413701
0.7944111
0.7793969
-0.6546688
0.416278
0.785877
0.1614577
-0.04198136
-0.009695621
-0.4088992
-0.6172419
-0.5155386
0.127015
0.4218696
0.2042125
0.1600463
-0.615848
-0.9472171
Q
0.09993953
0.5236269
-0.3106456
-0.724746
0.6305219
0.2801835
-0.3223485
0.7942474
0.7270221
0.4738846
0.5578743
0.8438597
-0.8636422
0.7096913
-0.4651944
0.4775074
-0.2746596
0.3606984
-0.01125294
0.2983034
-0.8655778
-0.4035867
-0.2340083
0.4180328
0.5530243
-0.0004629593
0.530993
-0.6289819
0.5101227
-0.01795342
Q
-0.7471522
0.9293772
0.7238878
-0.2826791
-0.6151021
-0.6479825
0.5191666
-0.8511249
0.06515622
-0.2613708
0.9916339
0.4344326
0.4841291
0.4324385
-0.2527573
-0.753601
-0.2252314
-0.4077905
0.9443543
-0.5211269
0.7993455
0.3954042
-0.2455193
-0.5431055
-0.4964716
-0.2423627
0.2713219
-0.2777748
-0.3690131
0.7491895
Q
-0.715881
-0.2550308
-0.4328671
0.3050321
0.9144788
-0.5875254
-0.00762371
-0.8500848
0.1254951
0.2061672
0.2118284
0.9235939
-0.4403313
-0.8572125
0.1619803
0.281853
0.9855945
-0.1942177
-0.2468598
-0.2437737
0.7787981
0.5657668
-0.4968277
0.1074057
-0.1425564
0.1749009
0.2669916
-0.7862045
0.6272659
0.08069465
Q
0.5178882
0.3159654
-0.5680053
0.7075135
-0.3105425
-0.08300601
-0.8725855
-0.1672353
0.8339266
0.7823931
-0.5576971
-0.1811393
0.2726979
-0.4124789
0.4718153
-0.8051949
-0.6858985
0.341548
0.4757749
0.2857267
0.9164411
0.8778509
-0.007035317
-0.4721716
-0.281643
-0.7581988
0.4597281
-0.5524195
-0.2604154
0.145479
Q
-0.4773546
-0.9552032
-0.5907674
0.6939375
-0.3923777
-0.8723216
-0.5647179
-0.5274746
-0.6351303
0.8581783
0.9730211
-0.08078934
-0.02617224
0.3365031
-0.2530935
0.2304722
-0.480115
0.3856282
-0.01990993
-0.04710765
-0.1277578
-0.8485128
0.7949688
-0.1195026
0.6400373
-0.6769984
0.9041663
-0.01084516
-0.5523422
0.4572656
W
Q
-0.9069394
-0.3115737
0.003841403
0.9196252
-0.2259337
-0.1365399
-0.1064297
-0.1357818
-0.9329085
0.8788719
-0.1309776
0.1110349
0.4274729
0.9434019
-0.0413858
-0.9808114
0.1912909
0.971465
0.01128189
-0.06011814
0.06198417
0.7594829
-0.8073753
0.9063654
-0.6288965
-0.7501896
0.5287567
-0.9460468
-0.7153632
-0.7765261
Q
-0.9752234
-0.0924119
-0.8216332
0.8798168
-0.7692335
0.9700091
0.4168363
0.9728652
-0.6330199
0.6263376
-0.4785669
-0.08694131
0.07401725
-0.996798
0.04056271
-0.6325374
-0.06295188
-0.3185932
-0.6961683
-0.2871286
0.01772744
0.4363212
-0.4825493
-0.3820963
-0.6663572
-0.5041547
0.09749542
0.548538
-0.4757581
0.334703
Q
-0.4204074
0.8436203
-0.5673132
-0.1558361
-0.7967007
0.2492002
-0.9364122
-0.272125
-0.9508712
0.7744656
0.9986042
-0.3557044
0.313558
-0.459479
-0.1534607
0.1185057
0.9031224
0.3305738
0.8824149
-0.4083451
0.3724965
0.9807578
0.5106632
-0.5715803
-0.4114538
-0.6098154
0.5604613
0.5461448
0.7348991
-0.1274583
Q
0.4484446
0.03224615
-0.2133537
0.9418195
0.06935155
-0.3586279
0.1590358
-0.1626804
0.1181695
-0.1264358
0.9535128
-0.7450675
-0.06173851
0.01906607
-0.2080274
0.2039529
-0.9226836
0.4871713
0.377281
0.1944178
-0.7820348
-0.3581944
-0.2568757
0.4672303
-0.4012638
-0.6670815
-0.9957015
-0.7442971
0.8131414
0.6886789
Q
-0.006927445
0.1766039
0.9061002
-0.4499884
0.6120366
-0.4730576
-0.4013318
0.7771719
-0.5228364
-0.2559856
-0.5067049
-0.2359209
0.7182322
0.4190035
0.7260341
-0.4277394
0.4093521
0.7965131
0.1863401
0.4830698
-0.9410214
-0.6424348
0.6781434
0.6504108
-0.1931612
-0.7107775
0.3194026
0.3430011
-0.2636174
-0.362855
Q
0.02416637
0.4294899
-0.643943
-0.03946079
0.07815611
0.03224599
-0.5308886
0.1799702
-0.3230604
0.4787087
0.7099586
-0.09978952
-0.5496948
0.7246264
0.8776387
0.02489587
-0.9517974
-0.1271952
0.7606447
-0.405059
-0.5409023
-0.3731863
-0.7943668
-0.5415732
-0.3645771
0.4984134
-0.7443126
0.7431935
0.3228347
0.2075179
Q
0.04073546
0.8400082
0.8406318
0.4691128
0.334697
0.3621133
-0.5415626
-0.352131
0.5400376
-0.05975879
-0.3834475
-0.4905679
-0.9956465
-0.6509665
0.4573301
0.2278952
0.9257905
-0.07083714
0.2642871
0.2712374
-0.5297428
-0.02425519
-0.9578071
-0.5556444
-0.6026775
0.2238465
0.8976416
-0.6748543
0.5797508
-0.223461
Q
0.8571804
0.4694304
-0.7769088
-0.3308266
0.06019076
-0.3903106
-0.7444951
-0.4570645
0.6627941
0.5897364
-0.7750506
-0.779461
0.654754
0.8425523
-0.8825411
-0.7987777
-0.8906062
0.1780722
-0.7294382
-0.6701349
-0.1859739
-0.9414706
0.9362856
-0.2146429
-0.9349334
0.7978526
0.3962692
0.07175584
-0.8891689
0.4645005
Q
0.06828155
-0.236472
-0.7857411
-0.2405399
0.03993399
0.7812991
0.6799076
-0.6028847
-0.3817655
0.6702348
-0.6137857
0.6013449
0.6815645
-0.7546754
-0.2447989
-0.6126273
-0.3981562
-0.7201177
0.0226776
0.7881941
0.1469947
0.3092138
-0.5533742
0.9118384
0.7986903
0.5331509
0.4377016
-0.3959625
0.262325
0.2134633
Q
-0.5679514
-0.8017169
0.4564402
0.1568202
0.4570932
0.4404272
0.08311745
0.07751851
-0.5800664
-0.5704755
-0.2190748
0.652429
-0.3404661
-0.5721839
-0.5430189
-0.7451353
-0.4599406
0.3098903
0.4103763
-0.2054999
-0.20811
0.08821662
0.6762561
-0.01369588
0.7588884
-0.6831907
-0.6975725
-0.03916554
0.5068281
-0.6564617
Q
0.1347915
0.4047695
-0.51341
0.9541001
0.403237
-0.7749659
0.08845538
0.2980752
-0.05298745
0.5186759
0.2023964
-0.3973245
0.3587435
-0.6338894
0.656831
0.7871135
0.4840488
0.3416179
0.2782797
-0.1023393
0.2942367
0.8519484
-0.5810677
-0.6081499
0.34388
-0.4779459
-0.5298598
0.3979246
0.1402723
0.1380104
Q
0.570866
-0.9235733
0.3536909
0.6461685
-0.7524171
-0.8270075
-0.5262492
0.05372017
-0.9701387
0.451539
-0.9881856
-0.5368161
0.2759207
0.5895121
-0.5143989
-0.6825929
-0.3797734
-0.8979392
-0.4702218
-0.1816947
0.6191421
-0.7714466
0.4458437
0.7814893
0.2829387
-0.01412647
-0.9052935
-0.3898673
-0.1188442
0.754954
Q
-0.8423254
0.8089796
0.3963799
0.6316788
-0.4737258
-0.9949871
-0.2800285
0.4092685
0.6140854
0.0103839
-0.7121447
0.24862
0.4459597
0.2823985
0.388538
0.1431749
-0.1976653
-0.141659
-0.7954781
0.8500028
0.2958703
-0.3894523
-0.6803097
-0.4968394
0.3420904
-0.369527
0.5722209
-0.6366711
0.2617658
-0.9217981
Q
-0.8275796
-0.7251202
0.7611161
0.8539688
-0.3456118
0.87945
0.9577441
0.9593255
-0.687583
0.9002567
-0.3071626
-0.084241
0.8079392
0.3313015
-0.01998006
0.9999323
-0.5009333
0.8943062
0.8426654
0.2924214
0.7519339
-0.3234048
0.904985
-0.6052593
0.5471677
0.4893255
-0.1067482
-0.7103654
0.8957945
-0.5672283
Q
-0.8523741
0.5359065
0.1467899
-0.8846866
-0.026435
0.6849642
0.4284335
-0.2658411
0.2637025
-0.1554557
-0.1009637
0.891956
0.9498566
-0.3969789
0.6950054
-0.4884452
0.1718346
-0.6379222
-0.3693184
0.07304319
-0.5310533
0.4190371
-0.2141689
-0.8884168
0.4960302
-0.6300049
0.3663543
-0.6932958
0.1650101
-0.01372149
Q
-0.9366146
0.8796209
0.5434958
-0.4546858
0.3797091
-0.3387901
0.2160325
-0.9934875
-0.6851366
0.07075571
0.160097
-0.4207885
-0.552316
-0.1471674
-0.2155227
0.9552196
0.7916691
0.8522831
-0.0223117
0.7214686
0.9275022
0.2651285
0.3597779
0.8877711
-0.271594
-0.2500126
0.0352282
-0.3806248
-0.3963829
-0.6814649
Q
0.5691313
-0.7225804
0.1764033
-0.1644927
-0.9875405
-0.5936933
-0.9423567
-0.6847213
0.8503879
0.9557582
-0.6443902
-0.6842433
-0.9976269
0.308877
-0.1600464
-0.661881
0.2587502
-0.288537
-0.5851983
0.5746818
-0.5454927
-0.8127128
0.2648195
0.7407472
-0.2016358
-0.4800958
0.6557332
0.8168921
-0.3703036
0.6260046
Q
0.4029457
0.9963382
0.949035
0.5909565
-0.6983636
0.2713728
-0.9826471
-0.2279629
0.5488711
0.734032
0.5369957
0.1272751
0.7657166
0.5718686
-0.05057062
0.3573187
-0.4211275
0.8885016
-0.5880743
0.7764256
0.9078367
-0.8112073
-0.2561135
-0.3328669
0.3818977
0.01262395
0.4356462
-0.9628915
0.4925408
-0.2494004
Q
0.6857402
-0.7755886
0.3589707
-0.04723511
-0.6806096
-0.94665
0.7179641
-0.4617134
0.0667876
0.241343
0.9394134
-0.1342162
0.840712
-0.08246349
0.05998446
0.4990607
-0.8310725
0.8489425
0.1626233
0.07682028
0.9283272
-0.7821953
0.8495178
-0.3111531
0.2141734
0.2524488
0.2818708
-0.7910029
0.2890041
0.8357633
Q
0.279312
-0.2017617
0.4933324
0.8513663
-0.0970315
-0.5933371
-0.3808951
-0.3699432
0.3039442
-0.1390017
0.3501842
0.3453746
-0.4650848
0.9684069
0.3227836
-0.09662469
0.7495896
-0.6780557
0.5134117
0.2668361
-0.8117746
-0.6700326
0.6737671
-0.6875548
0.4677024
-0.6252165
-0.3298447
0.738715
0.06700215
-0.2286194
Q
0.2492033
0.2310088
0.2612272
-0.3401142
-0.9323072
-0.6526816
0.06607879
-0.8429917
0.09242947
0.5497916
0.2189429
0.8586603
-0.7840984
-0.421836
-0.1273981
0.314577
-0.2795823
0.8912826
-0.6509043
0.5322879
0.8871753
0.7755342
-0.4310336
0.7920549
-0.05052796
0.1245489
0.1809088
-0.6163343
-0.4718437
0.7365236
Q
0.5630673
-0.4674323
0.3520392
-0.8990993
-0.8858601
0.2738262
0.308538
0.2551327
-0.4440229
-0.3164617
-0.8350677
-0.5790058
0.7170399
-0.03076482
-0.5285676
0.4577377
0.7342244
-0.404835
0.06028841
0.949668
0.8473474
-0.2821509
0.2391745
0.6217111
0.4737642
-0.3379079
0.4691697
0.7103814
-0.05687976
0.1664402
Q
0.6289093
0.3559169
-0.3307687
0.655921
0.3259934
-0.1360839
-0.5227029
-0.2415319
-0.9592679
0.4118806
-0.3638656
0.7930909
-0.1512526
0.7222307
0.3545339
-0.1481143
-0.17718
-0.5219191
0.6668389
0.4466539
0.7884368
0.467872
0.7868558
0.03313471
-0.1547762
0.2933906
0.7303148
-0.3728879
0.4520451
0.8046706
Q
-0.6880928
0.3895177
-0.9988951
-0.4639397
0.06512395
0.04777229
0.3133097
0.1454524
-0.4061971
0.2569767
0.8366845
0.01968486
-0.4622983
0.2112013
-0.07533973
-0.6094775
0.8994703
-0.8807546
0.8101332
-0.3535923
0.2323338
0.2762988
0.7197905
-0.1059584
-0.8390713
0.5690114
0.6361148
-0.1892384
-0.9673687
0.1335516
Q
0.3062721
-0.763966
0.813803
-0.675921
-0.5963671
-0.1523815
0.1861087
-0.7105662
0.8040869
0.509546
0.3326554
0.07314947
-0.81035
0.9517374
-0.5517363
0.249177
0.821885
0.9205276
-0.09715366
0.8308775
-0.4920485
0.6418648
0.1583264
-0.6341261
0.0356322
0.6697541
0.107095
-0.6248191
0.4961101
0.4116331
Q
0.112887
0.4602641
0.4067667
-0.4697227
-0.2164991
-0.2759965
-0.1128856
-0.4789555
0.5428718
-0.2866638
0.8298335
-0.9940444
0.1369413
0.8996606
-0.7966514
0.5299782
-0.05773187
0.7126713
-0.6800511
0.8141422
-0.1098173
0.1297194
0.3027362
0.3422177
0.6645827
0.07779674
0.4479192
0.2883781
-0.2661655
0.7405846
Q
-0.2066354
-0.6075374
0.006851248
-0.7801407
0.6127242
-0.2170346
0.4215163
0.6647833
-0.4748746
-0.06519853
0.3994496
0.3599983
0.1174899
-0.3219114
0.635855
-0.9786415
-0.5337957
-0.1676324
-0.8602113
-0.8351988
-0.3375863
0.1761727
0.5975
0.6123985
0.9831257
-0.8424999
-0.9354624
-0.1343137
0.7057135
0.2760835
Q
0.7870984
0.8022666
0.9023719
0.0364904
0.6135907
-0.8699735
0.6797836
-0.4093707
-0.2529885
0.5207906
-0.952117
0.7949414
-0.1207307
0.4907315
0.7696288
-0.814646
-0.3358752
-0.9712809
0.05635869
-0.01821822
-0.5439299
-0.4059359
0.5757793
-0.8513759
0.6170891
-0.2050833
0.3944734
-0.7632
0.4552515
-0.2816224
Q
0.959154
0.2490563
0.3361162
0.612253
0.5577649
0.2151159
0.6415702
-0.9777583
0.8913743
-0.2136461
-0.7582284
0.3926331
-0.3558711
-0.3854423
0.3813732
-0.28186
-0.8783205
-0.7865644
0.9722189
0.4003639
-0.1630153
-0.3506744
-0.7057024
0.1426324
0.1931777
-0.7734414
0.7537354
0.4193383
-0.1813627
-0.2643935
Q
0.1352921
-0.9713805
-0.03504206
-0.9112077
-0.4542254
0.5432031
0.8785101
-0.7880969
-0.02983368
0.02263287
-0.9935555
0.1651379
-0.8046926
-0.7857453
0.2013369
-0.06830369
0.5340319
-0.7642018
-0.9232678
0.2728194
-0.9766797
0.4830391
0.3180494
0.7188104
0.3097205
-0.04529373
-0.8065038
-0.5808716
0.3312341
0.4613368
W
Q
0.2032795
0.15538
0.3435392
0.1075754
0.3638964
0.6795484
-0.4744695
-0.164711
0.1761855
-0.7568949
-0.9993563
0.002363228
-0.6220287
-0.1700483
0.4844124
-0.9023476
-0.0721869
0.9924353
0.2954291
-0.7809836
0.1831078
-0.2581478
0.4641442
0.4200204
0.6526042
-0.2886438
0.2458701
-0.2201949
0.5915713
0.3502268
Q
-0.1191604
0.5090365
-0.1996934
-0.1977911
-0.9906127
-0.1481985
0.1079756
0.8374247
0.2518733
0.008338766
0.4006931
-0.09840142
0.0295619
-0.9779344
-0.5190309
-0.05906277
-0.1114636
0.8251451
-0.1445411
0.2654628
-0.5724373
-0.9636405
0.240939
0.03845464
-0.5384272
0.6925821
0.9237282
0.453678
-0.3467979
-0.5672778
Q
0.2448304
0.8255909
-0.2164762
0.1198405
0.493341
0.5770072
-0.9720965
0.4752446
0.2458548
0.8205422
-0.8446593
-0.9579682
0.2112133
0.7839276
0.8399606
-0.565689
0.3985254
0.1706905
0.7698829
-0.6414716
-0.04600699
-0.2646679
-0.9165931
0.03188313
-0.1559317
-0.7335069
0.7620704
-0.6595614
-0.6841633
-0.07200961
Q
0.1840649
-0.1801411
0.2614741
-0.8453134
0.07671128
-0.7543929
-0.09898634
-0.0118734
0.3618385
-0.1394647
-0.6487202
0.6084961
0.4444339
-0.7267023
0.9938576
-0.9686076
0.2556919
-0.3789147
0.2593953
-0.4738637
-0.7167938
-0.1168648
-0.9260652
-0.2071092
-0.4910044
0.7399886
0.7518204
-0.7240552
0.2255681
0.8151349
Q
0.1589255
-0.6811992
-0.8334305
-0.03015563
0.2229703
0.9494205
0.6278619
-0.2362343
-0.8137414
-0.502808
-0.8159139
-0.5927611
0.4972716
-0.3964909
0.1263872
-0.3589649
-0.2402368
-0.1501504
-0.7635357
-0.4928806
0.7198442
0.05647657
-0.5981497
0.3707848
-0.6995316
-0.2561046
-0.5312567
0.6458729
0.3355426
-0.5060145
Q
0.7617275
0.5471312
0.1739896
0.1923605
0.2902091
0.2780432
0.3019676
-0.2289757
-0.9188981
0.6274897
0.8576794
0.07283783
-0.9715226
-0.9008608
-0.5243423
-0.4229211
-0.8101907
0.3830226
0.100818
-0.008050212
0.4260207
-0.01088812
0.3095546
0.9672461
-0.897649
0.9159654
-0.2043853
-0.3296157
-0.5214028
0.4814201
Q
0.4279861
0.6932577
0.8726625
-0.5798233
-0.1395713
-0.6769586
0.4114422
0.8365425
0.3607879
0.4573123
-0.9197697
-0.8440998
-0.1211047
0.8620904
0.9836056
-0.6240166
0.2722267
0.8243465
-0.8338295
-0.7207521
-0.7357463
-0.7645999
0.5005582
0.1977342
-0.227575
-0.7625009
0.2070897
0.08875402
0.3740677
-0.5184518
Q
-0.7073478
-0.400799
0.6463183
-0.5690309
0.3797817
-0.8443293
0.6778061
0.6152588
-0.7453368
-0.2211629
0.5461472
0.7385461
0.5350519
0.3467968
-0.1671283
-0.5707
-0.8945053
-0.8812791
0.5413815
0.5238801
-0.1552389
-0.688444
0.2032929
0.7176753
0.1923647
-0.8089854
-0.325257
0.6490849
-0.3779276
0.1169478
Q
-0.538707
-0.1202342
-0.174576
0.7872795
0.5568105
0.2331773
0.4307648
-0.3963094
-0.7801034
0.593662
-0.7909827
0.9129142
0.4997554
-0.2832807
-0.5029224
0.9661411
0.8505577
0.9404274
0.8089178
0.1005249
-0.02919945
0.8334821
-0.04101786
0.7872462
0.9814327
0.3971996
0.9284577
0.2387984
0.1895507
0.4810192
Q
-0.006820708
0.1370103
-0.5425361
0.0862167
-0.1418647
-0.2898638
0.5604462
0.275546
0.1982557
-0.3252169
0.5135781
0.322558
0.9306668
-0.3653837
-0.6009136
0.7017288
-0.0002098032
-0.3040384
-0.7758592
-0.1768416
0.7083331
-0.1866866
-0.9828771
0.3507172
-0.3716698
0.9228843
0.03793073
0.8059598
-0.839136
0.3047258
Q
0.414465
-0.2620031
0.5647478
0.2172105
-0.2249452
0.04272873
0.6320162
0.6383717
0.2584935
-0.7096961
-0.3367195
-0.3881546
-0.5736196
0.4560926
-0.4885381
0.02632711
0.1512944
0.5828577
0.6940059
-0.07231529
-0.4574681
-0.03444044
-0.3420415
-0.679485
-0.8195767
0.122372
0.1065654
-0.5423915
-0.06330935
0.6719233
Q
0.1158208
0.8931131
-0.5180438
-0.9012282
-0.4159966
-0.634442
0.4192439
0.6239629
-0.3403094
0.3682222
0.05743752
-0.03417168
-0.4666146
0.04527538
-0.7983037
0.5906098
0.8943042
-0.8838564
-0.1058493
0.8870153
-0.7767033
-0.5331785
-0.625248
0.649504
-0.5510778
-0.9190755
0.2445257
0.03536012
0.6530585
0.9351292
Q
-0.2975988
0.5859497
-0.4651546
0.5485247
-0.2812498
0.9440825
0.3568466
0.9274985
-0.3384516
0.7327219
0.9585959
0.03278314
0.560083
0.4863115
0.9994456
-0.8767472
0.2755398
0.9783409
0.5322288
0.2130076
-0.6597422
-0.9583846
0.7850299
0.5325924
-0.3512608
0.5168467
-0.1675948
0.6506032
-0.4977381
0.1216149
Q
0.9699891
-0.2750738
-0.8069133
-0.6449843
0.3800755
0.9989558
0.4960772
0.4828861
0.6461756
-0.4630489
-0.8113829
-0.7667142
-0.8461754
-0.7360876
0.434098
-0.1850182
-0.8369368
-0.549863
0.958692
0.9683154
0.05734302
-0.8787555
-0.2765568
-0.1648367
-0.3390375
0.801372
0.002071112
-0.09971308
0.2022228
0.1120141
Q
0.4254872
0.5402572
0.3494915
0.9874356
-0.6922348
0.366804
0.1322055
-0.3805147
-0.8764376
0.779348
-0.5039918
0.8865586
-0.3241206
-0.8484733
0.8084464
0.6324005
0.2687479
0.2142219
-0.2994104
-0.3304863
0.2012836
-0.4560396
0.1517808
0.3252013
0.8487109
-0.9979867
0.3581861
0.6928748
0.5788949
-0.003961782
Q
-0.7189402
-0.4664552
-0.1691735
-0.2355492
-0.3069719
-0.1957861
-0.7241498
0.1262733
0.4491823
0.03137444
0.8301068
0.8339452
-0.8104954
-0.4378627
-0.7655254
-0.9539785
-0.3162734
-0.1475282
-0.8302428
0.7336906
0.6848706
-0.4991541
-0.5567424
-0.4945696
-0.118599
-0.6126261
-0.975868
-0.8602639
-0.6947948
-0.9906327
Q
0.04013814
0.1283331
0.182793
-0.786627
0.3532685
0.8450302
0.3871749
0.1156402
-0.1734434
-0.00761839
-0.9110937
0.2521046
0.6374725
0.3708004
-0.2899583
-0.03576809
-0.2366187
0.614127
0.9557404
-0.3255763
-0.1584497
0.4097906
0.2616575
-0.08881503
0.7801602
-0.9094765
-0.6744109
0.8822427
-0.6942897
-0.2204935
Q
-0.1789066
0.4391846
0.5930009
-0.2084173
-0.294468
0.006882745
-0.6518871
-0.1190011
-0.7976463
0.2968701
0.7359344
0.3425739
-0.2582414
0.5961633
0.2486667
-0.1960396
0.1343832
-0.8282599
0.4241333
0.2605959
-0.4755097
-0.6511022
0.3363742
-0.4024534
0.6304207
0.8662879
-0.7286785
-0.5655742
0.2626414
0.5203075
Q
-0.1903629
-0.9522802
-0.1442516
0.2662484
0.8129094
-0.9554843
-0.4199763
-0.9953924
0.9561788
-0.5852373
-0.2661873
0.7545866
0.3770034
0.1048754
-0.9325674
-0.4783176
0.314984
-0.4685976
0.2855056
0.19094
0.71183
-0.1175977
0.5177797
0.6114092
-0.5277101
-0.8960803
-0.004321978
0.1599067
-0.1602302
-0.26536
Q
0.6194416
-0.3181807
0.7923232
-0.07393765
0.2949677
0.8852867
-0.67004
0.4360566
-0.2409264
-0.4449747
-0.8322918
0.4663359
-0.1537306
0.792312
-0.4060377
0.959452
0.4934117
0.561951
0.3441511
-0.04233864
0.9024687
0.9763755
-0.6721193
0.7925335
0.9267532
-0.4719202
0.2446008
-0.2063012
0.7078636
0.04871982
Q
0.1644755
0.2221296
-0.4998775
0.1136977
0.0734805
0.5844065
-0.8227312
-0.2271221
-0.3653301
-0.01509501
0.09642342
-0.4746842
-0.3645375
0.5450528
0.4155962
-0.3273293
0.8201368
0.8780799
-0.85389
0.5029789
0.5979094
0.4953645
0.7774661
-0.9875246
0.6426362
-0.6482277
0.9998372
-3.783301E-05
-0.234325
-0.3587795
Q
0.727542
0.7113779
0.1353158
0.001605413
-0.7551209
-0.6540148
-0.3223734
0.5209136
-0.6273365
0.3156354
-0.2095049
-0.2906666
0.9719212
-0.1936946
0.4507778
0.6946733
-0.751613
-0.4890333
0.8563735
0.4248476
-0.08352095
0.5621132
0.5456463
0.8216454
0.6688043
0.4434647
-0.5121915
0.4709204
-0.2790149
0.5845121
Q
-0.9930624
0.99381
0.4496092
0.3685137
-0.1856214
0.5000059
-0.4575407
0.1709592
-0.674344
0.1424209
-0.6422045
0.7727865
-0.8129427
-0.1920545
-0.2142535
0.8062173
0.2067883
-0.8082491
-0.3418271
0.7518448
-0.5110458
-0.09084702
0.2167723
-0.3809654
-0.8348211
-0.8355711
0.3136826
0.3332544
-0.1993084
0.8585406
Q
-0.2005593
-0.2113074
-0.8613444
-0.2171842
-0.2841289
-0.477674
0.4371996
-0.3634176
-0.806487
0.7055913
0.3406469
0.5307919
-0.7180507
-0.4413626
0.7892105
0.3596767
0.01408514
-0.1168899
0.6379022
0.2810542
0.2796262
-0.9369389
0.832904
-0.3119831
0.09768253
-0.2234144
-0.1693908
0.2033784
-0.3503127
-0.8136306
Q
-0.6298313
-0.5326866
0.9363084
0.558045
-0.01574205
-0.9516653
-0.9751461
-0.9300165
0.2833769
0.7695196
0.5554895
-0.5354987
-0.953899
0.1484681
0.37827
-0.06473615
-0.9393591
-0.6241094
-0.1949791
-0.7002491
-0.5497437
0.1628023
-0.4225292
0.9264828
-0.2637159
-0.04462297
0.4506744
0.6851582
0.9390448
0.6917485
Q
0.9864632
-0.993086
-0.5032562
-0.02856536
0.06343066
-0.6539956
0.0001193562
-0.1952567
0.3121496
-0.01085836
-0.1875382
-0.6452569
0.5115885
0.7236625
0.5986274
0.7858174
0.5391814
0.7200175
0.8421512
-0.2305954
-0.1729238
0.8446319
0.8880306
-0.2409135
0.2075709
0.8902279
-0.9904346
-0.1774198
-0.9708065
-0.4017776
Q
-0.8694521
0.5914439
0.5360101
0.5694926
-0.5428499
0.5498892
-0.8221684
-0.6855377
-0.4096422
0.06022406
0.570277
0.4943367
0.3106098
0.6364224
-0.1915046
0.06524272
-0.7981244
0.1383409
0.1689264
0.9104073
0.9654738
-0.9025585
-0.07712874
0.4063646
-0.8576832
-0.8789688
0.7374943
0.7636467
0.1744494
-0.6637884
Q
-0.2240432
-0.2870956
-0.3501695
-0.3163717
-0.2375168
0.9759771
-0.8445683
0.1409062
-0.7613797
0.361674
0.4038463
0.2526079
0.7099434
0.2559217
-0.6492448
-0.4249464
0.1213954
-0.6004261
-0.1761743
0.8068299
0.6836022
-0.1398086
-0.3118335
-0.6260462
-0.9663866
-0.3293366
-0.8705809
0.4272172
-0.6626409
0.8123507
Q
0.1404358
-0.746658
-0.1180128
-0.204544
-0.2193536
-0.3388995
-0.04570977
-0.9544784
0.09146634
-0.9533294
0.9960572
-0.06869322
-0.4506532
-0.4392842
-0.1546879
0.2112098
-0.8507217
0.7919015
0.5444534
-0.3846759
0.3638205
-0.6492674
-0.4708103
-0.5055106
0.9162356
-0.9730746
-0.7242419
-0.3503816
-0.9069286
0.846203
Q
-0.1957899
-0.5745913
-0.05313569
-0.735422
-0.001417183
-0.171922
-0.5382725
0.5697203
0.9160035
-0.8324775
-0.6471476
0.7327495
0.7608807
0.6871821
0.9292118
-0.8629359
0.8123574
0.1883855
0.4581057
0.9797719
0.6347981
-0.2072698
0.1966582
0.0509076
-0.2099922
0.7255717
-0.6125784
-0.1210408
-0.2454672
-0.6148906
W
Q
0.9518332
0.2394012
0.3190931
0.1864049
-0.4946612
0.5989212
-0.7015828
0.8455517
-0.618125
0.6808286
-0.7859029
0.6259068
-0.5469467
0.006702621
-0.3869073
-0.2240144
-0.1899186
0.9851091
0.8907797
-0.5320462
0.4553362
-0.3596721
0.8695086
0.0989776
-0.9883447
0.2296607
0.9008092
0.48089
0.2715297
-0.557234
Q
-0.1832518
0.5364392
0.8605813
-0.5933813
-0.5120243
-0.5529254
-0.5063847
0.4247265
-0.4624027
0.5231476
0.349712
0.07665315
-0.7129987
0.4178811
0.1696107
-0.2612665
-0.9635498
-0.8263235
-0.04434296
0.5756698
-0.1021136
-0.1404315
0.9175908
-0.1609538
0.31805
0.3787631
-0.7818242
0.1734699
0.2780567
0.7038837
Q
-0.4271095
0.9424798
-0.8949572
0.4047247
-0.9020389
-0.4148734
-0.389026
-0.869876
-0.6762827
-0.6899111
-0.4385319
0.3530519
-0.05109139
-0.8815385
0.5599125
0.5756245
0.6815629
-0.1529679
-0.5179529
0.8571753
0.3011161
-0.6830509
-0.1394002
-0.3074426
0.9500608
0.6090881
0.01914887
0.08373643
0.108375
-0.7795595
Q
-0.8519409
-0.1691635
-0.3078315
-0.2292486
0.1300438
-0.8110442
-0.9933401
0.06654675
-0.8371837
0.4320538
-0.9556097
-0.3654332
0.2669692
-0.6698434
0.5138002
-0.02957761
-0.2764709
0.7577122
0.8045902
-0.4592505
-0.6644986
-0.2077285
0.8489211
0.51841
-0.7425075
0.08396226
0.4113395
0.4534142
-0.5102959
0.5670143
Q
0.02247255
-0.8911895
-0.00396181
-0.5795222
-0.4748524
-0.742131
0.3499025
-0.5680426
0.3879198
0.6793124
0.7874956
-0.6781203
-0.5771362
0.2645265
0.6863033
0.5838996
-0.6396902
-0.5602664
-0.3663413
-0.7105695
0.3298061
0.2989787
0.674274
-0.02274075
0.3531061
-0.02186736
0.1684916
-0.4945831
-0.9525296
-0.2276761
Q
-0.4237002
-0.410249
0.9019755
0.01525902
-0.4710239
-0.7311555
0.9139245
-0.01400398
-0.2829392
0.3683017
0.3199983
-0.5827972
-0.1272372
-0.4513426
-0.5291532
0.4301479
-0.7382722
-0.4260425
0.4947074
0.0539162
0.01339762
0.8579654
0.2776137
-0.7929122
0.7181302
-0.5727459
-0.980149
0.06769925
0.5452664
0.08439436
Q
-0.6150879
-0.3895633
0.1228158
0.2026694
0.7256811
-0.4748287
-0.7583914
0.1528002
0.3186837
-0.5516486
0.4496104
0.9157529
-0.0793355
0.9982486
-0.1170988
-0.1896194
-0.569914
-0.1220746
0.555204
-0.08565258
0.9341252
-0.4459015
0.7248631
0.5345363
-0.2765226
0.3192387
0.6986296
0.3034109
-0.898459
-0.7439186
Q
0.4399029
0.6355557
-0.4662145
-0.06013167
0.8074914
0.746102
0.3479733
-0.2510803
-0.1027856
-0.9829575
0.4212805
-0.8264071
-0.3991056
0.5657575
0.93661
-0.6435588
-0.7955219
-0.1663175
0.6190901
0.5874301
-0.816636
0.9927331
-0.8301691
-0.09472416
0.8324645
-0.1121398
0.5897472
-0.5184267
-0.59372
-0.1710559
Q
0.05090641
0.0630907
0.5999652
-0.9892946
-0.7198846
-0.6145495
0.05879996
0.07652856
0.0614135
0.08064371
-0.8716124
-0.3431301
-0.1041895
-0.4872825
-0.6218478
0.1247529
0.9674113
-0.2140502
-0.03586817
0.4939487
-0.5328807
-0.5161469
-0.3308697
-0.3332109
0.4480737
0.4669791
0.629554
0.1090364
-0.08055229
-0.842216
Q
-0.657557
-0.9314904
0.07858969
-0.6291668
0.1101846
0.0002205859
0.5549915
0.6570829
0.9692503
0.1449165
0.7567354
-0.4430589
-0.4943551
-0.9454853
0.3344283
0.27473
-0.6083862
0.4535494
0.7642681
0.6224156
0.6940914
0.443032
0.3355063
-0.5279654
-0.4321284
-0.6049045
-0.06607983
-0.4361489
-0.1869481
-0.2428972
Q
-0.8415965
-0.08895072
-0.7875667
0.7942391
-0.4114811
0.821196
-0.8597981
0.2698484
-0.8739057
-0.5790216
0.1385579
-0.002112648
-0.6581511
-0.2841466
0.9324462
-0.847329
-0.392664
-0.8844593
-0.8096166
0.2317415
0.6617175
0.148633
-0.4692473
0.1665107
-0.1001874
-0.266593
-0.3993186
0.7949286
-0.2825234
-0.9361303
Q
-0.1561452
0.2119348
0.1951553
0.5997139
0.6529061
-0.7094569
-0.7318333
-0.2536123
0.4571593
-0.7513066
-0.8156667
0.6406258
0.2104524
-0.4349414
-0.5523532
-0.01186171
0.7614679
-0.3583564
-0.7681037
-0.6773396
-0.5504745
-0.3790916
0.5197325
-0.7036174
0.001425216
-0.6311674
0.04227624
-0.1124173
0.8544596
0.2101863
Q
-0.4476966
-0.9492154
0.422193
-0.7209942
0.7818252
0.149343
0.1116807
-0.7279099
0.8701599
-0.6638296
0.3590415
-0.2673219
-0.006876281
0.4651278
0.509459
0.3341213
-0.389596
-0.5501153
0.7483588
-0.1496255
0.155732
-0.5109755
0.7484758
-0.4536318
-0.7763293
0.6933206
-0.09594496
-0.3942494
0.2821965
0.2515684
Q
-0.1074604
-0.749214
0.9098469
0.6352645
0.5846726
0.7915412
-0.7204326
-0.3332216
0.8357168
-0.3447654
-0.6266336
-0.6391168
0.9758558
0.08591115
0.8880416
-0.4740373
-0.1755123
0.4878754
0.0421818
-0.5681869
-0.5613092
-0.8951037
-0.6379734
0.1740511
-0.9299822
-0.6884981
-0.123802
-0.9426992
-0.9099687
-0.7476191
Q
-0.01171468
-0.3800664
-0.03677958
-0.5287985
-0.512111
0.07511755
0.8387011
0.9294468
0.5346349
-0.6777599
0.7807696
0.9103434
-0.8021908
-0.2098097
-0.8790216
0.7712467
0.4601316
-0.6624408
0.1631559
-0.9244329
0.1085118
-0.7557899
-0.183212
-0.05099368
-0.2164003
0.8832746
-0.2631545
0.5658225
0.2717574
-0.08829895
Q
-0.4240542
0.5741021
-0.8586184
0.3727746
0.7356538
0.01245399
-0.3899655
0.3957319
0.4511728
-0.01957625
0.5478039
0.5041348
-0.8863522
-0.3553164
-0.8097311
-0.8204883
-0.6120774
0.9437468
-0.4519663
0.4265005
0.7160496
-0.06661797
-0.8144519
0.4048948
-0.2516677
0.8091426
-0.9780325
0.6992373
-0.3973486
-0.653608
Q
-0.3439934
-0.3794953
-0.8907693
0.2024098
-0.6685674
-0.9483457
0.4145645
-0.612657
-0.2529975
-0.1572545
-0.06574433
0.7054057
0.08879744
0.5512594
-0.2716155
-0.285074
-0.7004917
-0.4144454
0.7155233
-0.6458015
0.6100464
-0.2673613
0.4927643
-0.4989182
0.6503848
0.3994258
-0.2548426
-0.3619078
0.9250721
0.002696431
Q
-0.2081102
0.1093804
-0.2873237
-0.1014031
-0.1186183
-1.000284
0.4415568
0.8644609
-0.8859821
-0.03010915
0.5563027
0.7960667
-0.4278697
-0.2197251
0.2180445
0.09860313
0.8442938
-0.9854468
0.1027432
0.7207069
0.1031215
-0.1078694
0.9945693
-0.3387073
0.9299656
0.1368284
0.6121945
0.5590263
-0.06793322
0.3152174
Q
-0.5391214
0.746401
0.9334664
-0.8530604
-0.4022371
-0.6301038
-0.3434388
0.8515513
-0.2948639
-0.1483019
-0.2808251
0.5979438
0.3808619
-0.9437748
-0.07169733
-0.07826836
0.7168249
-0.5693719
-0.697099
-0.1012645
-0.3860904
-0.1729247
0.2820741
0.8152293
0.9008471
0.1163621
-0.9458198
-0.02726212
0.7437353
-0.6100059
Q
-0.06630734
-0.1935878
-0.812685
0.1035725
-0.9522328
-0.356903
-0.3705481
-0.3777139
-0.2714422
0.1967652
-0.827606
-0.6003507
-0.1411587
-0.613365
0.2984643
-0.3953511
-0.401738
0.001545752
-0.7834048
0.8902507
0.13369
-0.3765627
-0.5863979
-0.8409763
0.6368391
-0.531648
-0.8863539
-0.7595945
0.4839433
-0.6833886
Q
-0.891495
-0.6774324
-0.02988943
0.7961706
-0.2001763
0.1927156
-0.03926122
-0.1158974
-0.718684
0.09085548
0.817757
0.5789114
0.7040131
-0.5421739
-0.5668318
-0.5928193
0.4285582
-0.3894841
-0.5009965
0.4451304
0.9758201
0.5202731
-0.5107871
-0.2477618
-0.6981794
-0.6189013
-0.9805318
0.4527179
0.5807579
-0.4834731
Q
0.138405
-0.5989
0.5029839
-0.9499618
-0.9212596
0.8901376
-0.407877
-0.5085358
0.4240262
0.6338233
-0.8907549
0.937465
-0.1835731
0.3121896
0.04945146
-0.2826951
0.7142935
0.2070027
-0.9450058
-0.3076685
0.6349246
-0.0143094
-0.1265827
0.7203939
-0.4181072
0.8247474
-0.7808852
0.4947006
-0.5833324
0.1673449
Q
0.3050057
0.7641865
-0.2993811
-0.3247275
0.17039
-0.790328
-0.6026703
-0.6498925
-0.4763509
-0.1541252
-0.878141
0.07673131
0.8058833
0.8572159
0.5892966
0.6746311
0.4385835
0.2491021
0.6703135
-0.69057
-0.7453445
0.5217705
0.8280598
-0.2612559
-0.8412917
0.5358335
0.7820927
0.4687428
-0.744327
0.6769277
Q
-0.9256886
-0.7376283
-0.8631097
-0.1864795
-0.8203126
-0.8887755
-0.3553725
0.8840697
-0.4969397
0.3148928
-0.1387232
0.5319319
0.8460245
0.5248313
0.907264
0.05843379
0.8609537
-0.003318588
-0.856696
-0.2274062
-0.7576916
-0.2547978
-0.1485813
0.2510804
0.7784455
0.9295102
0.9582144
-0.489508
0.6347964
-0.5790966
Q
-0.9050435
-0.1570964
0.7387081
-0.9581084
-0.1861635
0.6717722
0.04235391
0.4059128
0.5702741
-0.2047115
0.3633641
0.1690267
0.0001445627
0.3909255
0.9940801
0.9841263
0.2187912
-0.7473246
-0.5245541
0.9241657
-0.5231137
-0.8890321
-0.0948594
-0.138147
0.3273548
0.4085505
-0.114654
0.03405988
-0.7500769
-0.8490121
Q
-0.7523561
-0.9279314
-0.6092126
-0.2454259
-0.3124247
-0.8970403
0.4836293
0.09042529
0.3849133
-0.1918938
0.5778566
-0.4310564
0.985848
-0.130078
0.5691178
0.8665233
0.8663144
0.7810113
0.9493203
-0.251477
-0.7498596
0.1679686
-0.4962222
-0.5446913
0.9846404
0.9388534
-0.1149641
-0.2740118
0.4022618
-0.2089445
Q
0.1543742
0.4123515
-0.3347476
0.1065136
0.08810973
-0.3932985
-0.3710184
0.3052955
0.8716031
0.7276987
0.150527
0.08300921
0.1107585
-0.1185281
0.5302863
-0.06162664
0.9889829
0.7475096
0.5584937
0.03010189
0.2418331
-0.6886548
0.4147881
0.8798302
0.09055859
0.5834169
0.9473806
-0.2112676
-0.2532122
0.2348497
Q
0.6863616
-0.4003547
-0.1886442
-0.5677098
0.1536126
0.3135907
0.7627683
-0.5112709
0.2404055
0.2316353
-0.5252696
-0.9294347
0.005427762
0.0972539
-0.9293678
0.3964357
0.5613401
-0.5532131
0.01229959
-0.1059569
-0.0368352
0.8513067
0.7645304
-0.2391613
-0.1479916
-0.9900527
-0.2084927
-0.9737096
0.5045495
-0.3285276
Q
-0.4409818
-0.3489394
-0.0313768
0.4827253
-0.5145722
-0.7013983
-0.5492156
-0.6150343
0.6154479
-0.7672828
0.2720395
-0.6813208
0.7826936
-0.2215466
-0.760068
-0.6065024
-0.230115
0.02078645
-0.8132656
-0.6262332
-0.6593252
0.7295906
-0.6663082
0.7940499
0.8372189
-0.1620868
-0.9555134
0.5724189
0.1465521
-0.4786119
Q
-0.01491719
-0.4237733
0.3849764
0.9261729
0.4285896
-0.963401
0.6231756
0.5882351
0.1025655
0.1147754
-0.9281127
0.4023865
-0.3349849
0.7086482
0.540098
0.9645064
0.9835802
-0.3785647
0.6018181
-0.989607
0.01188665
0.3098141
-0.7138077
0.5100399
-0.1803962
-0.6962644
0.1646315
0.6296601
0.6489508
-0.7607685
W
Q
0.2277826
0.08781055
-0.5198267
-0.7191384
0.7415733
-0.6007954
-0.1484093
-0.1951816
-0.6284167
Q
0.4560116
0.08811798
0.2814741
-0.7397849
-0.6564329
0.6775336
-0.9015528
-0.6991189
-0.1319494
Q
-0.125829
0.5446068
-0.5195058
-0.2388366
0.648991
-0.7495497
0.8662331
0.1061441
0.1128285
Q
0.9966552
0.9397582
-0.1386841
-0.7660128
-0.1739076
-0.6846408
-0.8134577
0.4266384
0.7917275
Q
0.1850557
0.8128408
0.2473066
-0.1510492
0.5859119
-0.7567724
0.01985697
0.2434565
-0.5118524
Q
0.04548411
0.3356312
-0.2267351
-0.8140598
0.9018332
0.690555
-0.4241046
0.753489
-0.3948808
Q
-0.4358996
0.7502852
0.6902041
0.4994976
0.1690538
0.5017008
-0.7670844
0.03425218
0.448374
Q
0.3920098
-0.3254444
-0.5179755
0.3240768
-0.08981533
0.1164802
-0.6961694
0.6503476
0.14551
Q
0.3010016
-0.3772761
-0.3688966
-0.5226118
0.798526
-0.333542
0.1601827
-0.3211361
-0.6660642
Q
0.7599886
-0.5669659
-0.1731685
-0.6813149
0.04391205
0.3912143
-0.8625723
0.7190388
0.706635
Q
0.9232316
0.9843235
0.7790183
-0.5208861
0.1362204
-0.6212645
-0.1820527
0.4924278
0.2376122
Q
0.3667899
-0.06556744
-0.4135745
0.17429
-0.8050346
0.8990384
0.1318239
0.1915801
0.7165045
Q
-0.7205734
0.5524629
-0.3102222
-0.663014
-0.7206869
0.03054967
0.848062
-0.8113511
-0.7509587
Q
0.07152694
-0.4146599
0.960859
0.05374792
0.4600568
0.3034915
-0.1744044
-0.8409619
0.3455153
Q
0.884065
0.6675199
0.4515851
0.5514241
0.745343
-0.1805049
0.8432086
0.6484727
-0.8664068
Q
-0.7616808
-0.05352395
-1.002611
0.198711
0.7489961
-0.558319
0.2724651
0.4837548
-0.8366328
Q
-0.5433269
-0.3578955
0.2003052
0.7305857
0.7285048
-0.2301831
-0.01348318
0.5272138
0.7071151
Q
0.07275546
-0.02913249
0.8483888
-0.6637522
-0.3260279
-0.3416149
-0.8853431
0.139701
-0.4158855
Q
0.2375575
-0.8022693
-0.9320322
0.1152195
0.3042813
-0.9248044
-0.4108632
-0.2559964
0.325745
Q
-0.9990816
0.3394859
0.9951861
0.2372422
-0.1663863
0.1913779
-0.5618955
0.7351922
0.8180608
Q
0.811854
-0.6809246
0.933117
0.2088624
-0.9531338
0.2800392
0.09364197
0.6686596
-0.4812431
Q
-0.667418
-0.8659281
-0.101936
-0.3251962
-0.1046842
-0.6466828
-0.4211906
-0.893158
-0.5979356
Q
-0.7361292
-0.7563878
-0.7848101
-0.2978263
-0.08212872
0.7626344
-0.02505798
-0.3851304
0.5031742
Q
-0.7410507
-0.6210769
0.3311608
0.6424456
0.6873602
-0.09879738
-0.7309775
-0.1534911
0.08285034
Q
-0.1200836
-0.07654219
-0.8028084
-0.7370427
-0.3487197
0.8446124
-0.5636985
0.3286534
-0.6725299
Q
-0.4462211
-0.6650778
0.3124203
-0.8444287
-0.2962478
0.5423143
-0.8834935
0.218253
-0.7056523
Q
-0.7721997
-0.5204304
-0.8540379
0.06204846
-0.1523147
0.9224212
-0.190114
0.2486959
-0.01452305
Q
-1.01829
0.7353107
-0.005477338
-0.5832554
-0.3106615
0.2608149
-0.9873808
0.9727738
-0.9668149
Q
0.3082527
0.649238
-0.7201161
0.01237367
-0.1327693
0.8936086
0.04819115
0.1839498
-0.06291229
Q
-0.3201627
0.05750023
-0.4831124
-0.1931331
0.6920857
-0.5337679
-0.2588096
0.1971012
0.3563819
