0.2036903
0.2022765
0.202237
0.2021294
0.2029648
0.202925
0.202741
0.20258
0.2023085
0.2022567
0.2021766
0.2020572
0.2020267
0.2019273
0.2016965
0.2015695
0.2009868
0.2017371
0.2016567
0.2016281
0.2016197
0.2008151
0.2008032
0.2007279
0.2007076
0.2007959
0.2006198
0.2006015
0.2004973
0.200656
0.200633
0.2005768
0.200603
0.2006002
0.2007956
0.2008325
0.2004296
0.2004346
0.2004606
0.2003861
0.2003805
0.1996489
0.2004782
0.201089
0.2010172
0.2009986
0.201003
0.2009836
0.2009636
0.2009285
0.2009226
0.200947
0.2008871
0.2009866
0.2018063
0.2017346
0.2017335
0.201989
0.2017045
0.2016874
0.2016065
0.2017011
0.2017063
0.2008632
0.2008881
0.2008992
0.200867
0.2012496
0.2013439
0.2011938
0.2014643
0.2013883
0.2012141
0.201203
0.2010778
0.2010893
0.2010789
0.2010062
0.2010433
0.201088
0.2006965
0.2017324
0.2018896
0.2018195
0.2018233
0.2018562
